Worst case:

100 97 94 ... 43

                               99 96 93 ... 42

                                                             98 95 92 ... 41



100 92 84 76 68 60 52 44 36

      99 91 83 75 67 59 51 43 35

              98 90 82 74 66 58 50 42 34

                    97 89 81 73 65 57 49 41 33

                            96 88 80 72 64 56 48 40 32

                                    95 87 79 71 63 55 47 39 31

                                            94 86 78 70 62 54 46 38 30

                                                    93 85 77 69 61 53 45 37 29


100 75 50 25
    99 74 49 24
        98 73 48 23
            97 72 47 22
                96 71 46 21
                    95 70 45 20
                        94 69 44 19
                            93 68 42 18
                                92 67 41 17
                                    91 66 41 16
                                        90 65 40 15
                                            89 64 39 14
                                                88 63 38 13
                                                    87 62 37 12
                                                        86 61 36 11
                                                            85 60 35 10
                                                                84 59 34 9
                                                                    83 58 33 8
                                                                        82 57 32 7
                                                                            81 56 31 6
                                                                                80 55 30 5
                                                                                    79 54 29 4
                                                                                        78 53 28 3
                                                                                            77 52 27 2
                                                                                                76 51 26 1

worst case:
  0  1  2  3  4  5  6  7  8  9 10 11 12 13 14 15 16 17 18 19 20 21 22 23 24 25 26 27
100 75 50 25 99 74 49 24 98 73 48 23 97 72 47 22 96 71 46 21 95 70 45 20 94 69 44 19

28 29 30 ..
93 68 42 18 92 67 41 17 91 66 41 16 90 65 40 15 89 64 39 14 88 63 38 13 87 62 37 12

86 61 36 11 85 60 35 10 84 59 34 09 83 58 33 08 82 57 32 07 81 56 31 06 80 55 30 05

79 54 29 04 78 53 28 03 77 52 27 02 76 51 26 01

Best case:
1 2 3 ... 100